-0.005883600
-0.004903000
-0.004903000
-0.003922400
-0.007844800
-0.008825400
-0.010786600
-0.001961200
-0.008825400
-0.015689600
-0.025495600
-0.014709000
-0.014709000
-0.019612000
-0.021573200
-0.017650800
0.005883600
0.012747800
0.002941800
0.022553800
0.013728400
-0.007844800
0.016670200
0.011767200
0.023534400
0.010786600
-0.006864200
-0.006864200
0.012747800
0.013728400
0.007844800
0.032359800
0.033340400
0.050010600
0.032359800
0.005883600
-0.082370400
-0.088254000
-0.078448000
-0.104924200
-0.054913600
-0.019612000
-0.019612000
-0.004903000
0.021573200
0.005883600
0.019612000
-0.044127000
-0.079428600
-0.102963000
-0.090215200
-0.044127000
0.012747800
0.000980600
0.022553800
0.025495600
0.007844800
-0.002941800
-0.058836000
-0.084331600
-0.089234600
-0.087273400
-0.069622600
-0.102963000
-0.011767200
0.012747800
0.104924200
0.052952400
0.038243400
0.058836000
-0.045107600
-0.000980600
0.045107600
0.013728400
-0.051971800
-0.067661400
-0.161799000
-0.106885400
-0.034321000
0.066680800
-0.035301600
0.005883600
-0.008825400
-0.053933000
-0.097079400
-0.096098800
-0.074525600
-0.162779600
-0.180430400
-0.099040600
-0.105904800
-0.043146400
0.046088200
0.042165800
0.003922400
0.006864200
-0.158857200
-0.073545000
-0.005883600
-0.020592600
-0.003922400
0.022553800
0.026476200
0.075506200
-0.018631400
-0.031379200
-0.085312200
-0.018631400
-0.041185200
-0.073545000
-0.124536200
0.006864200
-0.014709000
-0.003922400
0.002941800
0.152973600
0.046088200
0.061777800
0.014709000
0.101982400
0.040204600
-0.012747800
0.040204600
0.001961200
-0.029418000
-0.065700200
0.062758400
0.031379200
0.047068800
0.087273400
0.213770800
0.214751400
0.303986000
0.250053000
0.149051200
-0.008825400
0.024515000
-0.002941800
-0.012747800
-0.131400400
-0.090215200
-0.081389800
-0.221615600
-0.164740800
-0.173566200
0.006864200
0.070603200
0.021573200
0.004903000
-0.224557400
-0.195139400
-0.122575000
-0.228479800
-0.349093600
-0.423619200
-0.316733800
-0.133361600
0.065700200
0.132381000
0.275548600
0.134342200
0.061777800
0.181411000
0.129439200
0.124536200
0.094137600
-0.139245200
-0.038243400
-0.055894200
-0.061777800
0.130419800
0.019612000
0.123555600
-0.053933000
-0.077467400
0.005883600
0.195139400
0.101982400
0.162779600
-0.013728400
0.142187000
0.208867800
0.246130600
0.387337000
0.399104200
0.191217000
0.083351000
-0.030398600
-0.124536200
-0.231421600
-0.289277000
-0.353016000
-0.235344000
-0.273587400
0.117672000
0.080409200
-0.045107600
-0.009806000
0.124536200
0.181411000
0.073545000
0.065700200
0.030398600
0.067661400
-0.061777800
0.033340400
0.070603200
0.101001800
0.048049400
0.150031800
0.154934800
0.190236400
0.036282200
-0.028437400
-0.002941800
0.124536200
0.017650800
-0.126497400
-0.049030000
-0.106885400
-0.186314000
-0.065700200
0.007844800
0.042165800
0.103943600
0.166702000
0.385375800
0.181411000
-0.084331600
-0.109827200
-0.018631400
-0.151993000
-0.091195800
-0.035301600
0.074525600
-0.334384600
-0.457940200
-0.744275400
-0.695245400
-0.470688000
-0.373608600
-0.062758400
0.220635000
0.451076000
0.233382800
0.281432200
0.530504600
0.127478000
0.042165800
-0.144148200
0.131400400
-0.009806000
-0.219654400
-0.505009000
-0.243188800
0.020592600
-0.111788400
-0.290257600
-0.505009000
-0.276529200
-0.100021200
-0.017650800
-0.041185200
0.118652600
-0.037262800
0.095118200
0.214751400
0.058836000
-0.075506200
0.508931400
0.353016000
0.571689800
0.679555800
0.353016000
0.248091800
0.132381000
-0.036282200
0.117672000
-0.017650800
0.144148200
-0.099040600
-0.200042400
-0.277509800
-0.367725000
-0.267703800
-0.355957800
-0.256917200
-0.097079400
-0.125516800
-0.052952400
0.058836000
0.018631400
0.161799000
0.139245200
0.216712600
0.064719600
-0.016670200
0.096098800
-0.321636800
-0.396162400
-0.246130600
-0.390278800
0.039224000
0.046088200
-0.413813200
-0.360860800
-0.105904800
-0.127478000
0.235344000
-0.021573200
-0.676614000
-0.751139600
-0.278490400
-0.164740800
0.123555600
0.134342200
0.376550400
0.513834400
0.336345800
0.165721400
0.251033600
0.410871400
0.370666800
0.277509800
0.334384600
0.331442800
0.041185200
0.067661400
-0.062758400
0.050010600
0.050010600
0.069622600
0.310850200
-0.096098800
-0.006864200
0.339287600
0.264762000
0.202003600
0.107866000
-0.314772600
-0.262800800
-0.455979000
-0.042165800
-0.007844800
-0.195139400
-0.119633200
0.055894200
-0.163760200
0.061777800
0.450095400
0.234363400
0.266723200
0.148070600
0.270645600
0.010786600
-0.499125400
-0.496183600
-0.570709200
-0.694264800
-0.951182000
-0.864889200
-0.335365200
-0.183372200
0.043146400
-0.004903000
0.264762000
0.214751400
-0.119633200
0.138264600
0.332423400
0.313792000
0.216712600
0.258878400
0.132381000
-0.005883600
-0.645234800
-0.363802600
-0.451076000
-0.279471000
-0.419696800
-0.374589200
-0.191217000
-0.254956000
0.151012400
0.346151800
0.480494000
0.362822000
0.546194200
-0.148070600
0.065700200
0.191217000
0.263781400
0.234363400
0.501086600
0.476571600
0.355957800
0.312811400
0.390278800
0.001961200
-0.216712600
-0.421658000
-0.216712600
-0.225538000
-0.508931400
-0.284374000
-0.171605000
-0.184352800
0.346151800
0.061777800
-0.097079400
0.047068800
-0.297121800
-0.287315800
0.079428600
0.310850200
0.410871400
-0.199061800
-0.121594400
0.320656200
0.221615600
-0.372628000
0.096098800
-0.029418000
0.032359800
0.350074200
0.235344000
0.289277000
0.274568000
-0.280451600
0.210829000
0.478532800
0.344190600
0.588360000
0.324578600
0.077467400
-0.572670400
-0.415774400
-0.024515000
-0.001961200
0.372628000
0.347132400
0.435386400
0.439308800
0.238285800
0.177488600
-0.338307000
-0.249072400
-0.503047800
-0.262800800
0.039224000
-0.224557400
0.022553800
0.122575000
-0.184352800
-0.111788400
-0.091195800
-0.358899600
-0.497164200
-0.428522200
-0.629545200
-0.431464000
-0.042165800
0.452056600
-0.002941800
-0.230441000
-0.028437400
0.449114800
0.064719600
-0.234363400
-0.262800800
0.071583800
0.445192400
0.401065400
0.488338800
0.713876800
0.698187200
0.749178400
0.885481800
0.406949000
0.461862600
-0.318695000
-0.075506200
-0.480494000
-0.959026800
-1.100233200
-1.261051600
-0.818801000
-0.617778000
-0.321636800
-0.264762000
0.043146400
0.495203000
-0.119633200
-0.350074200
-0.399104200
0.098060000
-0.642293000
-0.524621000
-0.518737400
-0.050991200
0.302024800
0.685439400
-0.001961200
-0.457940200
-0.378511600
0.038243400
-0.385375800
-0.118652600
-0.011767200
-0.282412800
-0.251033600
0.056874800
-0.028437400
-0.302024800
-0.100021200
0.049030000
-0.253975400
-0.029418000
-0.019612000
0.232402200
-0.083351000
0.726624600
0.195139400
0.433425200
0.515795600
0.364783200
0.541291200
0.758003800
0.598166000
0.622681000
0.580515200
0.317714400
0.029418000
-0.102963000
0.011767200
0.134342200
-0.136303400
-0.445192400
0.279471000
-0.302024800
-0.393220600
-0.819781600
-0.601107800
-0.876656400
-0.705051400
-0.781538200
-0.187294600
-0.092176400
-0.201023000
0.093157000
0.405968400
0.198081200
0.732508200
0.326539800
0.092176400
-0.021573200
0.331442800
0.553058400
0.126497400
0.403026600
0.357919000
0.370666800
-0.045107600
0.021573200
-0.522659800
-0.109827200
-0.317714400
0.230441000
0.027456800
0.519718000
0.503047800
0.019612000
0.614836200
-0.099040600
0.274568000
0.427541600
0.286335200
0.139245200
-0.008825400
0.014709000
0.167682600
-0.486377600
0.001961200
-0.209848400
-0.398123600
-0.334384600
0.051971800
0.030398600
0.270645600
-0.256917200
0.019612000
-0.497164200
-0.513834400
-0.535407600
0.011767200
-0.039224000
-0.086292800
-0.180430400
0.089234600
-0.084331600
-0.144148200
0.263781400
0.083351000
0.429502800
-0.452056600
-0.127478000
0.282412800
0.487358200
0.338307000
0.653079600
1.272818800
0.716818600
0.267703800
0.606010800
-0.153954200
0.022553800
-0.099040600
-0.587379400
-0.258878400
-0.757023200
-0.432444600
-0.606991400
-0.852141400
-0.737411200
0.019612000
0.632487000
0.938434200
1.509143400
1.344402600
0.804092000
0.584437600
0.284374000
-0.127478000
-0.044127000
-0.020592600
-0.158857200
0.370666800
0.263781400
0.511873200
0.565806200
0.378511600
-0.110807800
0.330462200
-0.090215200
-0.012747800
0.188275200
-0.040204600
-0.643273600
-0.055894200
-0.470688000
-0.285354600
-0.212790200
-0.035301600
0.024515000
-0.370666800
0.376550400
0.290257600
0.105904800
-0.363802600
-0.232402200
-0.445192400
-0.124536200
-0.155915400
-0.098060000
-0.014709000
0.315753200
0.256917200
0.221615600
0.358899600
0.679555800
0.486377600
0.342229400
-0.015689600
-0.088254000
-0.417735600
-0.591301800
-0.760945600
-0.541291200
-0.915880400
-0.759965000
-0.209848400
-0.649157200
-0.757023200
-0.274568000
-0.371647400
0.134342200
-0.550116600
-0.381453400
-0.125516800
-0.319675600
0.043146400
0.138264600
0.405968400
0.055894200
0.081389800
-0.495203000
0.317714400
0.092176400
-0.022553800
-0.220635000
-0.211809600
0.409890800
0.456959600
0.551097200
0.650137800
1.147302000
0.915880400
0.545213600
0.139245200
0.426561000
0.058836000
-0.227499200
-0.114730200
-1.026688200
-0.571689800
-0.264762000
-0.554039000
-0.404987800
-0.239266400
-0.013728400
0.343210000
-0.217693200
-0.042165800
0.163760200
0.071583800
-0.074525600
0.090215200
0.025495600
0.405968400
-0.247111200
-0.215732000
0.269665000
-0.078448000
0.050010600
0.351054800
0.128458600
0.258878400
0.459901400
-0.150031800
-0.021573200
0.525601600
0.158857200
-0.101001800
-0.128458600
-0.220635000
-0.342229400
-0.445192400
0.022553800
0.002941800
0.054913600
0.449114800
0.127478000
-0.585418200
-0.382434000
-0.606010800
-0.931570000
-0.540310600
-0.300063600
0.155915400
-0.018631400
0.066680800
-0.051971800
0.005883600
-0.047068800
0.480494000
0.248091800
0.206906600
0.083351000
-0.024515000
0.072564400
0.149051200
0.411852000
0.475591000
0.317714400
0.000000000
-0.041185200
-0.323598000
-0.511873200
-1.096310800
-0.839393600
-0.584437600
-0.259859000
-0.246130600
-0.163760200
0.069622600
0.101982400
-0.143167600
-0.085312200
0.375569800
0.330462200
0.473629800
0.082370400
-0.286335200
0.013728400
0.179449800
0.418716200
0.286335200
0.252014200
-0.152973600
0.109827200
0.599146600
0.296141200
-0.057855400
0.186314000
-0.138264600
0.176508000
-0.213770800
-0.113749600
-0.287315800
-0.313792000
0.377531000
0.901171400
0.600127200
0.890384800
0.494222400
0.238285800
0.321636800
-0.065700200
0.063739000
-0.100021200
0.526582200
0.512853800
0.491280600
0.754081400
0.404007200
0.613855600
-0.012747800
-0.043146400
-0.713876800
-0.955104400
-0.744275400
-0.302024800
-0.115710800
-0.439308800
-0.589340600
0.243188800
0.267703800
-0.251033600
-0.229460400
-0.194158800
-0.288296400
-0.372628000
-0.349093600
-0.308889000
0.429502800
0.617778000
0.586398800
0.472649200
0.258878400
0.056874800
0.454998400
-0.003922400
-0.252994800
0.229460400
0.710935000
0.272606800
0.477552200
0.294180000
-0.299083000
-0.588360000
-0.705051400
-0.190236400
0.149051200
0.259859000
0.753100800
0.961968600
0.335365200
0.187294600
-0.298102400
-0.344190600
-0.155915400
-0.261820200
-0.395181800
-0.508931400
-0.172585600
-0.097079400
0.497164200
0.421658000
0.401065400
0.423619200
0.737411200
0.568748000
0.302024800
0.502067200
0.173566200
-0.190236400
-0.220635000
-0.203964800
-0.670730400
-0.450095400
-0.342229400
-0.265742600
-0.240247000
0.283393400
-0.165721400
0.066680800
-0.661905000
-0.839393600
-0.438328200
0.065700200
-0.161799000
0.104924200
0.139245200
0.202984200
0.462843200
0.467746200
-0.083351000
0.583457000
0.458920800
0.121594400
0.008825400
0.167682600
-0.223576800
0.563845000
0.467746200
0.372628000
0.232402200
0.165721400
-0.105904800
-0.362822000
-0.276529200
0.030398600
0.127478000
0.211809600
-0.200042400
0.132381000
-0.197100600
-0.081389800
-0.534427000
-0.654060200
-0.158857200
-0.027456800
0.289277000
-0.249072400
0.389298200
0.219654400
0.037262800
0.006864200
0.229460400
0.599146600
0.290257600
0.289277000
-0.136303400
-0.357919000
0.204945400
0.055894200
-0.145128800
0.514815000
0.210829000
-0.217693200
0.011767200
-0.135322800
0.322617400
-0.635428800
-0.208867800
-0.646215400
-0.716818600
-0.303986000
-0.765848600
-0.874695200
-0.332423400
-0.043146400
-0.117672000
-0.098060000
0.331442800
-0.098060000
-0.375569800
-0.432444600
-0.157876600
0.010786600
0.065700200
0.773693400
0.492261200
0.168663200
0.007844800
-0.635428800
-0.393220600
-0.273587400
0.030398600
0.604049600
0.316733800
0.623661600
0.694264800
0.435386400
-0.122575000
-0.171605000
0.155915400
0.014709000
0.113749600
-0.101001800
-0.080409200
-0.307908400
-0.417735600
-0.389298200
0.227499200
0.535407600
0.888423600
0.870772800
0.735450000
0.357919000
0.657002000
0.255936600
0.289277000
0.405968400
0.615816800
0.014709000
0.092176400
0.752120200
0.577573400
-0.250053000
-0.229460400
-0.294180000
-0.205926000
0.060797200
0.021573200
-0.058836000
-0.069622600
0.215732000
0.280451600
0.253975400
-0.478532800
-0.104924200
-0.037262800
0.391259400
-0.180430400
-0.849199600
-0.395181800
-0.412832600
-0.421658000
-0.047068800
0.248091800
-0.106885400
0.429502800
0.374589200
0.601107800
-0.068642000
-0.492261200
-0.860966800
0.031379200
-0.497164200
-0.328501000
0.131400400
0.165721400
0.170624400
-0.093157000
-0.071583800
-0.337326400
-0.245150000
-0.322617400
-0.129439200
0.009806000
-0.036282200
-0.592282400
-0.746236600
-0.523640400
-0.027456800
-0.052952400
0.193178200
0.682497600
0.673672200
0.619739200
0.247111200
0.441270000
0.715838000
0.180430400
0.295160600
0.278490400
-0.073545000
-0.432444600
-0.002941800
-0.255936600
-0.070603200
-0.066680800
-0.123555600
0.081389800
0.501086600
0.078448000
0.026476200
0.199061800
0.528543400
0.118652600
-0.270645600
0.253975400
-0.079428600
-0.329481600
-0.087273400
-0.084331600
-0.106885400
0.459901400
0.042165800
-0.384395200
-0.308889000
-0.260839600
-0.076486800
-0.544233000
-0.200042400
-0.050991200
-0.457940200
-0.556980800
-0.373608600
-0.516776200
-0.386356400
-0.380472800
-0.078448000
-0.143167600
-0.510892600
-0.136303400
0.039224000
0.893326600
0.356938400
0.052952400
-0.134342200
-0.024515000
0.435386400
0.533446400
-0.201023000
-0.020592600
0.236324600
-0.002941800
-0.203964800
-0.244169400
-0.134342200
-0.083351000
-0.385375800
-0.095118200
0.020592600
0.027456800
0.072564400
0.081389800
0.395181800
0.396162400
0.226518600
-0.085312200
0.428522200
0.678575200
0.171605000
0.288296400
-0.050991200
0.036282200
0.215732000
0.527562800
0.588360000
0.305947200
0.102963000
-0.118652600
-0.500106000
-0.363802600
-0.512853800
-1.059048000
-0.597185400
-0.793305400
-0.641312400
0.252994800
0.665827400
0.541291200
0.077467400
0.869792200
0.599146600
0.354977200
-0.161799000
-0.601107800
-0.273587400
-0.112769000
0.083351000
-0.315753200
-0.204945400
0.071583800
-0.197100600
-0.350074200
-0.118652600
0.111788400
0.129439200
0.582476400
0.453037200
0.171605000
0.157876600
0.059816600
-0.000980600
0.412832600
0.493241800
0.082370400
-0.469707400
-0.817820400
-0.403026600
-0.883520600
-0.559922600
-0.371647400
-0.584437600
-0.201023000
0.233382800
0.522659800
0.531485200
0.097079400
0.532465800
0.282412800
-0.237305200
-0.443231200
-0.466765600
-0.577573400
-0.829587600
-0.833510000
-0.155915400
0.319675600
0.248091800
0.136303400
-0.023534400
-0.007844800
-0.612875000
-0.166702000
0.494222400
0.250053000
0.497164200
0.169643800
-0.022553800
0.050010600
-0.297121800
-0.974716400
0.022553800
-0.100021200
-0.123555600
-0.340268200
-0.274568000
-0.089234600
0.340268200
0.428522200
0.490300000
0.612875000
0.851160800
0.314772600
0.496183600
0.825665200
0.548155400
1.020804600
0.155915400
-0.357919000
0.115710800
0.147090000
-0.474610400
-0.373608600
-0.883520600
-0.533446400
0.026476200
-0.381453400
-0.507950800
-0.810956200
-0.410871400
-0.036282200
-0.217693200
-0.485397000
-0.067661400
0.090215200
0.396162400
0.067661400
-0.125516800
-0.121594400
0.161799000
-0.104924200
0.101001800
0.103943600
-0.140225800
0.151012400
-0.288296400
0.819781600
0.077467400
0.300063600
0.064719600
-0.069622600
-0.100021200
-0.276529200
-0.341248800
-0.522659800
0.031379200
-0.474610400
-0.261820200
-0.508931400
-0.132381000
0.096098800
-0.091195800
0.724663400
0.348113000
0.197100600
0.573651000
0.893326600
0.466765600
0.066680800
0.060797200
-0.418716200
-0.066680800
-0.431464000
-0.525601600
-0.533446400
-0.472649200
-0.242208200
0.235344000
0.303986000
0.546194200
0.223576800
-0.085312200
0.528543400
0.299083000
0.196120000
0.124536200
0.072564400
0.370666800
-0.540310600
-0.143167600
-0.548155400
0.293199400
-0.028437400
-0.045107600
-0.445192400
-0.203964800
-0.870772800
-0.622681000
-0.706032000
-0.646215400
-0.533446400
-0.453037200
-0.202984200
0.012747800
-0.030398600
0.039224000
0.217693200
0.482455200
0.541291200
0.250053000
0.245150000
-0.027456800
0.058836000
0.106885400
0.277509800
0.443231200
0.328501000
0.487358200
0.020592600
-0.479513400
-0.237305200
0.197100600
0.181411000
0.102963000
-0.459901400
-0.709954400
-0.537368800
-0.260839600
0.301044200
0.529524000
0.054913600
0.301044200
0.519718000
0.497164200
1.042377800
1.053164400
0.745256000
0.229460400
0.397143000
0.221615600
0.052952400
-0.187294600
-0.195139400
-0.615816800
-0.678575200
-0.542271800
-0.309869600
-0.582476400
-0.381453400
-0.850180200
-0.054913600
0.240247000
0.136303400
0.113749600
0.485397000
-0.260839600
-0.211809600
-0.524621000
-0.053933000
0.151012400
0.023534400
-0.046088200
-0.412832600
0.001961200
0.176508000
0.151993000
-0.082370400
0.653079600
0.217693200
0.082370400
0.009806000
0.331442800
-0.065700200
0.307908400
0.357919000
0.147090000
0.415774400
0.267703800
0.324578600
0.359880200
0.788402400
0.656021400
0.700148400
-0.024515000
-0.221615600
-0.311830800
-0.556000200
-0.302024800
-0.446173000
0.087273400
-0.137284000
-0.715838000
0.056874800
0.057855400
0.586398800
0.406949000
0.399104200
-0.041185200
0.229460400
0.145128800
-0.050991200
-0.517756800
-0.026476200
-0.499125400
-0.554039000
-0.517756800
0.236324600
0.181411000
-0.156896000
0.115710800
-0.151012400
-0.517756800
0.120613800
0.658963200
0.420677400
0.115710800
-0.535407600
-0.421658000
-0.239266400
-0.153954200
-0.174546800
0.006864200
0.030398600
-0.329481600
-0.079428600
-0.139245200
-0.147090000
0.205926000
-0.571689800
-0.640331800
-0.634448200
-0.297121800
0.190236400
0.236324600
0.305947200
-0.101001800
0.428522200
0.285354600
0.021573200
0.307908400
0.052952400
0.578554000
0.245150000
-0.035301600
-0.415774400
-0.859005600
-0.727605200
-0.625622800
-0.540310600
-0.421658000
-0.510892600
-0.065700200
0.025495600
-0.126497400
-0.260839600
-0.056874800
0.173566200
0.384395200
0.069622600
-0.077467400
0.686420000
0.830568200
0.106885400
-0.192197600
0.317714400
0.323598000
0.432444600
0.296141200
-0.128458600
0.270645600
0.108846600
0.158857200
0.374589200
0.238285800
-0.002941800
0.353016000
0.287315800
0.307908400
0.220635000
0.205926000
-0.246130600
-0.474610400
-0.801150200
-0.690342400
-0.251033600
-0.638370600
-0.458920800
-0.045107600
-0.000980600
-0.434405800
-0.062758400
-0.045107600
-0.254956000
-0.401065400
-0.409890800
-0.450095400
0.340268200
0.168663200
0.249072400
0.338307000
0.404987800
0.507950800
0.298102400
0.176508000
-0.422638600
-0.266723200
-0.166702000
-0.778596400
-0.508931400
-0.450095400
-0.700148400
-0.395181800
-0.081389800
0.005883600
0.648176600
0.967852200
0.609933200
0.207887200
0.506970200
0.279471000
-0.011767200
-0.151012400
-0.174546800
-0.398123600
-0.412832600
0.053933000
0.032359800
-0.217693200
-0.511873200
-0.363802600
-0.220635000
-0.218673800
0.105904800
0.503047800
0.641312400
-0.086292800
0.418716200
0.678575200
0.437347600
0.316733800
0.535407600
0.283393400
0.603069000
0.293199400
0.130419800
-0.020592600
-0.480494000
0.173566200
-0.141206400
-0.272606800
-0.023534400
0.151012400
0.422638600
0.369686200
0.128458600
0.467746200
0.217693200
-0.117672000
-0.220635000
0.340268200
0.727605200
0.942356600
0.567767400
0.292218800
0.537368800
0.302024800
-0.001961200
-0.266723200
0.127478000
-0.106885400
-0.189255800
-0.478532800
-0.379492200
-0.017650800
-0.363802600
-0.299083000
-0.521679200
0.043146400
-0.205926000
-0.525601600
0.077467400
-0.447153600
-0.493241800
0.125516800
0.340268200
-0.109827200
-0.536388200
-0.225538000
-0.861947400
-0.577573400
0.222596200
0.425580400
-0.081389800
0.210829000
-0.196120000
0.114730200
0.079428600
-0.254956000
-0.600127200
-0.862928000
-0.443231200
-0.337326400
-0.226518600
0.151012400
0.036282200
-0.055894200
0.394201200
0.112769000
0.747217200
0.553058400
0.307908400
0.149051200
-0.069622600
0.614836200
-0.019612000
-0.118652600
-0.455979000
-0.538349400
-0.657982600
-0.640331800
-0.693284200
-0.182391600
-0.269665000
0.109827200
-0.006864200
-0.196120000
-0.310850200
-0.363802600
-0.509912000
-0.884501200
0.235344000
-0.189255800
-0.602088400
-0.646215400
-0.741333600
-0.250053000
0.429502800
0.623661600
0.576592800
1.063951000
1.091407800
0.331442800
0.277509800
0.339287600
0.210829000
-0.081389800
-0.023534400
0.085312200
-0.196120000
-0.079428600
-0.346151800
-0.548155400
-0.714857400
-0.478532800
-0.739372400
-0.207887200
0.392240000
0.295160600
0.689361800
0.606991400
0.665827400
0.422638600
0.485397000
-0.216712600
-0.150031800
-0.369686200
-0.295160600
-0.270645600
-0.260839600
-0.136303400
0.057855400
-0.069622600
0.115710800
0.438328200
-0.202003600
0.217693200
-0.062758400
0.100021200
-0.556000200
-0.023534400
0.079428600
0.417735600
0.231421600
0.386356400
-0.062758400
-0.089234600
-0.367725000
-0.570709200
-0.651118400
-0.456959600
0.158857200
0.053933000
0.008825400
0.076486800
-0.036282200
-0.211809600
-0.666808000
-0.630525800
-0.793305400
-0.544233000
-0.646215400
-0.258878400
-0.556000200
-0.211809600
-0.095118200
-0.097079400
0.024515000
0.052952400
0.017650800
0.005883600
0.368705600
1.019824000
0.623661600
0.198081200
-0.454998400
-0.108846600
-0.210829000
0.281432200
-0.062758400
0.009806000
0.220635000
0.277509800
0.379492200
0.483435800
1.022765800
0.767809800
0.615816800
0.425580400
-0.006864200
-0.375569800
-0.137284000
-0.124536200
0.045107600
-0.404987800
-0.439308800
-0.406949000
-0.707993200
-0.423619200
0.194158800
-0.192197600
-0.276529200
-0.868811600
-0.906074400
-1.165933400
-0.905093800
-0.123555600
0.168663200
-0.004903000
0.259859000
-0.137284000
-0.361841400
-0.276529200
-0.212790200
0.051971800
0.148070600
-0.028437400
0.437347600
-0.082370400
0.233382800
0.593263000
0.605030200
0.402046000
0.642293000
0.558942000
0.541291200
-0.009806000
0.212790200
0.469707400
0.425580400
0.398123600
0.106885400
-0.236324600
-0.405968400
-0.567767400
-1.069834600
-0.346151800
-0.322617400
-0.355957800
-0.722702200
-0.212790200
0.154934800
0.144148200
0.494222400
0.917841600
0.324578600
0.704070800
0.608952600
-0.082370400
-0.343210000
0.127478000
0.342229400
0.300063600
0.574631600
0.344190600
0.627584000
0.186314000
0.243188800
0.151993000
0.387337000
-0.668769200
0.503047800
-0.105904800
0.080409200
0.125516800
-0.412832600
-0.494222400
-0.078448000
-0.322617400
0.079428600
-0.525601600
-0.193178200
-0.157876600
0.000980600
-0.187294600
-0.129439200
0.672691600
0.312811400
-0.716818600
-0.411852000
-0.029418000
-0.572670400
0.047068800
0.134342200
-0.248091800
-0.101001800
0.308889000
0.181411000
0.434405800
-0.460882000
0.141206400
-0.054913600
-0.245150000
-0.758984400
-0.703090200
-0.756042600
-0.438328200
-0.582476400
-0.339287600
0.119633200
0.107866000
0.204945400
0.087273400
0.273587400
-0.192197600
-0.059816600
0.021573200
0.270645600
0.498144800
0.182391600
0.441270000
0.373608600
0.113749600
0.140225800
-0.269665000
-0.170624400
-0.075506200
0.134342200
0.188275200
0.513834400
0.458920800
0.242208200
0.250053000
0.166702000
0.400084800
-0.490300000
-0.579534600
-0.388317600
-0.081389800
-0.017650800
-0.082370400
-0.184352800
-0.039224000
-0.251033600
-0.046088200
0.037262800
0.717799200
1.101213800
0.504028400
0.320656200
0.320656200
0.274568000
-0.438328200
0.017650800
-0.218673800
0.026476200
-0.166702000
-0.408910200
-0.071583800
-0.045107600
0.142187000
0.324578600
0.600127200
0.228479800
0.384395200
0.332423400
0.178469200
-0.329481600
-0.054913600
0.424599800
-0.288296400
-0.078448000
0.062758400
-0.209848400
-0.126497400
-0.050991200
0.180430400
0.107866000
0.005883600
0.535407600
0.174546800
0.204945400
-0.040204600
0.218673800
0.052952400
-0.003922400
-0.107866000
-0.178469200
0.445192400
-0.257897800
-0.782518800
-0.206906600
0.071583800
0.298102400
0.027456800
0.243188800
0.148070600
-0.139245200
-0.322617400
0.055894200
-0.022553800
-0.120613800
0.163760200
0.242208200
0.137284000
0.833510000
0.559922600
0.138264600
0.319675600
0.066680800
0.052952400
0.186314000
0.134342200
0.095118200
-0.103943600
-0.335365200
-0.221615600
-0.400084800
-0.529524000
-0.972755200
-0.675633400
-0.761926200
-0.366744400
-0.448134200
-0.656021400
0.480494000
0.100021200
-0.020592600
0.033340400
0.315753200
0.769771000
0.634448200
0.633467600
0.495203000
0.113749600
-0.190236400
-0.119633200
-0.166702000
-0.148070600
0.188275200
0.170624400
0.230441000
0.207887200
-0.283393400
-0.105904800
-0.400084800
-0.520698600
-0.219654400
0.364783200
0.311830800
0.067661400
-0.330462200
0.207887200
0.659943800
0.498144800
0.181411000
-0.017650800
0.060797200
-0.146109400
0.278490400
0.396162400
0.744275400
0.646215400
0.684458800
0.832529400
0.279471000
-0.043146400
-0.243188800
-0.086292800
-0.432444600
0.020592600
-0.328501000
-0.293199400
0.184352800
0.316733800
-0.084331600
-0.074525600
0.336345800
-0.117672000
-0.133361600
-0.345171200
-0.834490600
-0.524621000
-0.383414600
-0.061777800
-0.101982400
-0.254956000
-0.025495600
0.499125400
0.540310600
0.524621000
0.486377600
0.352035400
0.049030000
-0.214751400
-0.507950800
-0.424599800
-0.311830800
-0.454998400
0.365763800
0.430483400
0.569728600
0.640331800
0.166702000
0.386356400
0.402046000
0.557961400
-0.217693200
0.346151800
0.657002000
0.802130800
0.086292800
-0.128458600
-0.131400400
-0.648176600
-0.301044200
-0.658963200
-0.632487000
-0.400084800
0.239266400
-0.255936600
0.193178200
0.409890800
0.180430400
-0.085312200
0.073545000
0.139245200
0.398123600
0.449114800
0.506970200
0.786441200
0.168663200
-0.481474600
-0.550116600
-0.287315800
-0.663866200
-0.257897800
-0.364783200
-0.275548600
-0.089234600
-0.078448000
-0.353016000
0.124536200
-0.245150000
-0.098060000
0.288296400
-0.037262800
-0.386356400
-0.661905000
-0.129439200
-0.252014200
-0.282412800
-0.032359800
0.074525600
0.495203000
0.280451600
0.276529200
0.405968400
0.330462200
-0.249072400
-0.115710800
-0.234363400
-0.068642000
0.074525600
0.086292800
0.228479800
0.714857400
0.337326400
0.666808000
0.828607000
0.550116600
0.183372200
0.820762200
0.827626400
0.582476400
0.410871400
0.402046000
0.236324600
0.220635000
0.335365200
-0.198081200
-0.897249000
-0.170624400
-0.347132400
0.000000000
-0.193178200
-0.564825600
-0.451076000
-0.682497600
-0.701129000
-0.091195800
-0.538349400
-0.200042400
-0.049030000
0.423619200
0.221615600
-0.352035400
0.234363400
-0.132381000
-0.170624400
0.466765600
0.559922600
0.791344200
0.834490600
-0.055894200
0.217693200
0.120613800
-0.156896000
-0.154934800
-0.036282200
0.386356400
0.345171200
-0.109827200
0.098060000
-0.192197600
-0.012747800
0.016670200
-0.017650800
-0.060797200
0.617778000
0.057855400
0.045107600
-0.235344000
-0.530504600
-0.648176600
-0.569728600
-0.941376000
-0.728585800
-0.353016000
0.373608600
0.573651000
0.400084800
0.969813400
0.549136000
0.856063800
0.615816800
0.323598000
0.260839600
-0.050991200
0.056874800
-0.146109400
0.506970200
0.379492200
0.258878400
0.252994800
-0.065700200
-0.159837800
-0.122575000
-0.188275200
-0.372628000
-0.413813200
-0.558942000
-0.216712600
0.015689600
0.218673800
0.106885400
-0.025495600
0.495203000
0.451076000
0.422638600
0.235344000
-0.212790200
-0.122575000
0.216712600
0.211809600
0.041185200
-0.348113000
-0.209848400
-0.243188800
-0.020592600
-0.513834400
-0.488338800
-0.608952600
-0.531485200
-0.393220600
-0.020592600
-0.345171200
0.108846600
0.137284000
0.190236400
0.370666800
0.476571600
-0.039224000
-0.151012400
-0.028437400
0.487358200
-0.004903000
-0.010786600
0.006864200
0.206906600
-0.035301600
0.061777800
-0.384395200
-0.794286000
-1.174758800
-1.364995200
-0.582476400
-0.193178200
-0.203964800
-0.666808000
0.187294600
0.050010600
-0.037262800
0.269665000
0.337326400
-0.236324600
0.308889000
-0.288296400
-0.255936600
-0.433425200
-0.487358200
-0.207887200
-0.127478000
-0.023534400
-0.479513400
-0.741333600
-0.367725000
-0.076486800
-0.117672000
0.040204600
0.321636800
0.229460400
0.924705800
0.918822200
0.822723400
0.222596200
0.169643800
0.241227600
-0.067661400
-0.048049400
-0.301044200
-0.033340400
-0.402046000
-0.428522200
-0.391259400
-0.110807800
-0.348113000
-0.122575000
0.023534400
0.205926000
0.268684400
-0.108846600
0.210829000
0.584437600
-0.184352800
-0.394201200
0.043146400
-0.072564400
0.085312200
0.164740800
0.535407600
0.479513400
0.504028400
0.652099000
0.509912000
0.177488600
-0.056874800
-0.332423400
-0.490300000
-0.226518600
-0.664846800
-0.612875000
-0.254956000
-0.203964800
0.444211800
0.058836000
0.211809600
0.000000000
-0.209848400
-0.021573200
-0.584437600
-0.253975400
-0.345171200
0.132381000
0.274568000
0.093157000
-0.104924200
-0.399104200
-0.333404000
-0.317714400
0.086292800
-0.207887200
-0.499125400
-0.669749800
-0.777615800
-0.407929600
-0.490300000
-0.134342200
-0.011767200
0.488338800
0.598166000
0.506970200
0.547174800
0.704070800
0.223576800
-0.025495600
-0.084331600
0.252994800
-0.143167600
0.045107600
0.293199400
0.356938400
0.389298200
0.456959600
0.205926000
-0.038243400
-0.274568000
-0.469707400
-0.125516800
-0.392240000
0.140225800
0.146109400
0.423619200
0.348113000
0.070603200
0.240247000
-0.061777800
-0.353996600
-0.413813200
-0.561883800
-0.603069000
0.079428600
-0.145128800
0.255936600
0.274568000
0.337326400
0.400084800
0.163760200
0.047068800
-0.293199400
-0.457940200
-0.580515200
-0.255936600
-0.962949200
-0.792324800
-0.511873200
-0.458920800
-0.554039000
-0.425580400
-0.212790200
-0.101982400
0.197100600
0.105904800
0.116691400
-0.376550400
-0.410871400
0.168663200
0.234363400
0.140225800
0.215732000
0.580515200
0.551097200
0.350074200
0.107866000
0.192197600
0.376550400
0.220635000
0.061777800
-0.083351000
0.099040600
0.537368800
0.545213600
0.226518600
-0.196120000
0.184352800
-0.153954200
-0.208867800
0.518737400
0.536388200
0.502067200
0.586398800
0.623661600
0.075506200
0.186314000
0.338307000
-0.302024800
0.006864200
-0.070603200
-0.220635000
0.337326400
0.099040600
0.092176400
0.081389800
-0.087273400
0.281432200
0.165721400
0.243188800
0.050991200
0.327520400
0.411852000
0.227499200
0.413813200
0.668769200
0.482455200
0.644254200
0.159837800
-0.202003600
-0.249072400
-0.272606800
-0.081389800
0.072564400
0.058836000
0.013728400
-0.040204600
-0.129439200
0.237305200
0.399104200
0.381453400
0.384395200
0.321636800
0.385375800
0.372628000
0.063739000
0.024515000
0.088254000
0.261820200
0.060797200
-0.155915400
0.488338800
0.388317600
-0.412832600
-0.588360000
-0.506970200
-0.343210000
-0.351054800
-0.323598000
-0.036282200
-0.189255800
0.337326400
0.490300000
0.004903000
-0.080409200
-0.040204600
-0.171605000
-0.419696800
-0.739372400
-0.508931400
-0.321636800
0.039224000
0.421658000
0.357919000
0.422638600
0.542271800
0.438328200
0.234363400
0.013728400
-0.025495600
-0.117672000
-0.106885400
-0.341248800
-0.393220600
-0.496183600
-0.239266400
-0.465785000
-0.277509800
0.155915400
0.088254000
-0.253975400
-0.187294600
0.054913600
-0.064719600
0.143167600
-0.028437400
0.273587400
0.384395200
0.212790200
0.235344000
0.108846600
0.220635000
-0.583457000
-0.428522200
-1.170836400
-1.066892800
-0.760945600
-0.824684600
-0.315753200
-0.030398600
0.075506200
0.450095400
0.094137600
0.327520400
0.095118200
0.052952400
-0.130419800
-0.001961200
-0.117672000
-0.030398600
-0.241227600
-0.233382800
-0.042165800
-0.342229400
-0.360860800
-0.271626200
-0.475591000
-0.529524000
-0.084331600
0.110807800
-0.145128800
0.068642000
-0.002941800
-0.355957800
-0.192197600
0.237305200
0.351054800
0.260839600
0.268684400
0.126497400
0.127478000
0.043146400
0.199061800
0.038243400
-0.274568000
-0.609933200
-0.363802600
-0.007844800
0.251033600
0.414793800
0.450095400
0.463823800
0.348113000
-0.055894200
0.176508000
-0.120613800
-0.173566200
-0.151993000
0.113749600
0.013728400
0.134342200
-0.353996600
-0.562864400
-0.476571600
-0.682497600
-0.572670400
-0.523640400
-0.293199400
-0.212790200
-0.163760200
-0.037262800
-0.193178200
-0.101982400
0.479513400
0.472649200
0.417735600
0.357919000
0.264762000
-0.202984200
-0.260839600
-0.040204600
-0.694264800
-0.400084800
-0.242208200
-0.136303400
-0.018631400
0.122575000
0.049030000
0.051971800
-0.099040600
0.216712600
0.191217000
0.063739000
-0.091195800
-0.082370400
-0.404987800
0.121594400
0.058836000
0.295160600
0.429502800
0.424599800
0.229460400
0.453037200
0.715838000
0.471668600
0.496183600
0.070603200
-0.064719600
0.314772600
0.125516800
0.033340400
-0.058836000
-0.445192400
-0.173566200
0.068642000
-0.012747800
0.008825400
-0.053933000
-0.050991200
-0.395181800
-0.436367000
-0.368705600
-0.281432200
-0.633467600
-0.770751600
-0.472649200
-0.044127000
0.135322800
0.323598000
0.077467400
0.263781400
-0.090215200
-0.151993000
0.035301600
-0.167682600
-0.078448000
0.400084800
0.098060000
0.418716200
0.492261200
0.368705600
0.437347600
-0.162779600
0.277509800
-0.196120000
-0.225538000
-0.374589200
-0.328501000
-0.712896200
-0.515795600
-0.154934800
0.262800800
0.049030000
-0.112769000
-0.077467400
0.116691400
-0.258878400
-0.047068800
-0.483435800
-0.086292800
-0.351054800
-0.685439400
0.060797200
-0.052952400
0.097079400
-0.007844800
0.029418000
-0.182391600
0.113749600
-0.184352800
-0.449114800
-0.433425200
-0.285354600
-0.359880200
-0.010786600
0.095118200
-0.108846600
0.041185200
0.029418000
-0.499125400
-0.361841400
-0.070603200
0.020592600
0.008825400
-0.295160600
-0.268684400
0.022553800
-0.280451600
-0.243188800
0.001961200
-0.001961200
0.109827200
-0.104924200
-0.182391600
-0.193178200
0.205926000
0.181411000
0.154934800
0.157876600
0.405968400
0.535407600
0.492261200
0.268684400
0.102963000
-0.187294600
-0.244169400
-0.523640400
-0.399104200
-0.151012400
-0.318695000
0.158857200
0.125516800
0.122575000
-0.044127000
0.182391600
0.138264600
0.607972000
0.512853800
0.280451600
0.181411000
0.282412800
0.101001800
-0.105904800
-0.179449800
-0.517756800
-0.349093600
-0.111788400
0.236324600
0.282412800
0.272606800
0.035301600
-0.168663200
-0.204945400
-0.313792000
0.006864200
-0.098060000
-0.226518600
-0.298102400
-0.234363400
-0.330462200
-0.075506200
0.186314000
0.159837800
0.083351000
0.244169400
0.248091800
0.017650800
-0.178469200
-0.188275200
-0.403026600
-0.050991200
0.009806000
0.270645600
0.386356400
0.214751400
0.137284000
-0.072564400
0.363802600
0.200042400
0.147090000
0.066680800
0.460882000
0.444211800
0.443231200
0.202003600
-0.034321000
0.320656200
0.417735600
0.321636800
0.214751400
-0.049030000
-0.395181800
-0.464804400
-0.399104200
-0.156896000
-0.180430400
-0.201023000
-0.015689600
0.304966600
0.295160600
0.718779800
0.928628200
0.723682800
0.679555800
0.070603200
0.162779600
0.092176400
0.220635000
0.072564400
-0.343210000
-0.370666800
-0.169643800
-0.441270000
-0.538349400
0.055894200
0.133361600
0.108846600
0.209848400
0.196120000
-0.252994800
-0.099040600
0.100021200
0.086292800
0.051971800
0.260839600
0.404987800
0.051971800
0.073545000
0.070603200
0.065700200
0.142187000
0.100021200
0.026476200
0.202984200
0.068642000
0.149051200
-0.005883600
0.011767200
-0.278490400
-0.626603400
-0.477552200
-0.331442800
-0.019612000
0.100021200
0.191217000
0.401065400
0.500106000
0.296141200
0.089234600
0.117672000
0.026476200
0.178469200
0.199061800
0.334384600
0.393220600
0.273587400
0.256917200
0.202003600
0.038243400
0.137284000
0.154934800
0.252014200
0.365763800
0.256917200
0.283393400
0.164740800
0.248091800
0.492261200
0.304966600
-0.058836000
0.145128800
0.122575000
0.037262800
-0.154934800
-0.303986000
-0.220635000
-0.454998400
-0.572670400
-0.709954400
-0.262800800
-0.565806200
-0.310850200
-0.100021200
0.079428600
0.149051200
0.211809600
0.287315800
0.175527400
-0.042165800
0.110807800
0.165721400
0.135322800
0.422638600
0.193178200
0.086292800
0.074525600
-0.096098800
-0.258878400
-0.064719600
-0.404007200
-0.431464000
-0.231421600
-0.092176400
0.120613800
0.009806000
0.090215200
-0.039224000
0.035301600
-0.108846600
-0.616797400
-0.610913800
-0.336345800
-0.462843200
-0.036282200
0.037262800
0.294180000
0.309869600
0.120613800
0.120613800
0.158857200
0.221615600
0.211809600
0.155915400
0.258878400
0.095118200
-0.022553800
-0.090215200
0.255936600
-0.047068800
-0.175527400
-0.151993000
-0.198081200
-0.117672000
0.011767200
0.185333400
0.405968400
0.042165800
0.121594400
0.229460400
-0.322617400
-0.436367000
-0.180430400
-0.224557400
-0.108846600
-0.143167600
0.034321000
-0.013728400
0.127478000
0.163760200
0.233382800
0.244169400
0.498144800
0.327520400
-0.095118200
0.045107600
0.352035400
0.069622600
-0.140225800
0.140225800
-0.048049400
0.000000000
-0.302024800
-0.243188800
-0.061777800
0.118652600
0.007844800
-0.050010600
-0.102963000
-0.037262800
0.037262800
-0.084331600
-0.011767200
-0.140225800
-0.154934800
-0.003922400
-0.087273400
0.036282200
0.106885400
0.127478000
0.296141200
0.000980600
0.282412800
0.196120000
0.143167600
0.203964800
-0.043146400
-0.159837800
0.077467400
0.342229400
0.219654400
0.556980800
0.204945400
0.240247000
-0.182391600
-0.146109400
-0.235344000
-0.498144800
-0.440289400
-0.398123600
-0.446173000
-0.491280600
-0.193178200
-0.020592600
-0.220635000
0.120613800
-0.080409200
-0.077467400
-0.284374000
-0.209848400
-0.275548600
-0.140225800
-0.038243400
-0.180430400
0.107866000
-0.003922400
-0.359880200
-0.075506200
-0.193178200
0.051971800
0.002941800
0.096098800
0.162779600
0.252994800
0.143167600
-0.130419800
0.135322800
0.240247000
0.181411000
0.122575000
-0.070603200
0.029418000
0.096098800
-0.089234600
-0.065700200
0.083351000
-0.106885400
-0.154934800
0.135322800
0.265742600
0.140225800
0.137284000
0.128458600
0.030398600
0.004903000
-0.006864200
-0.118652600
-0.072564400
-0.053933000
-0.096098800
-0.012747800
-0.160818400
-0.222596200
0.125516800
0.223576800
-0.002941800
-0.161799000
-0.099040600
-0.087273400
-0.050010600
0.042165800
0.042165800
0.004903000
0.085312200
0.008825400
0.264762000
0.350074200
0.381453400
0.237305200
0.118652600
0.315753200
0.151012400
0.101001800
-0.138264600
0.165721400
0.026476200
0.083351000
-0.043146400
-0.229460400
0.033340400
0.036282200
-0.183372200
-0.308889000
-0.381453400
-0.178469200
-0.119633200
-0.010786600
-0.125516800
0.025495600
-0.069622600
-0.039224000
-0.331442800
-0.090215200
0.031379200
-0.163760200
-0.188275200
-0.153954200
-0.051971800
-0.348113000
0.022553800
-0.053933000
-0.057855400
-0.148070600
0.070603200
0.076486800
0.198081200
0.139245200
0.126497400
0.411852000
0.246130600
0.245150000
0.151993000
0.028437400
0.030398600
-0.109827200
-0.255936600
-0.191217000
0.110807800
-0.183372200
-0.163760200
-0.093157000
-0.021573200
0.101982400
-0.067661400
0.097079400
-0.072564400
-0.071583800
0.106885400
-0.050010600
-0.054913600
0.073545000
0.097079400
0.107866000
0.134342200
0.246130600
0.273587400
0.068642000
0.060797200
0.063739000
-0.187294600
-0.014709000
-0.067661400
-0.014709000
-0.134342200
-0.230441000
0.079428600
-0.061777800
0.193178200
0.028437400
-0.259859000
-0.275548600
-0.163760200
-0.217693200
-0.093157000
0.098060000
0.305947200
-0.066680800
-0.035301600
-0.124536200
-0.205926000
-0.198081200
-0.211809600
-0.143167600
-0.205926000
0.055894200
-0.050991200
-0.157876600
-0.084331600
0.145128800
0.272606800
0.305947200
0.187294600
0.076486800
0.081389800
0.147090000
0.291238200
0.140225800
0.099040600
0.134342200
0.144148200
-0.025495600
0.058836000
0.060797200
-0.019612000
-0.006864200
-0.193178200
-0.377531000
-0.385375800
-0.286335200
-0.200042400
0.038243400
0.035301600
0.143167600
0.203964800
0.069622600
-0.014709000
0.090215200
-0.056874800
0.075506200
0.086292800
0.033340400
-0.000980600
-0.054913600
-0.179449800
-0.003922400
-0.093157000
-0.110807800
-0.018631400
-0.531485200
-0.329481600
-0.288296400
-0.244169400
-0.128458600
-0.025495600
0.151993000
0.072564400
-0.073545000
0.202003600
0.049030000
-0.108846600
-0.003922400
-0.147090000
-0.060797200
-0.097079400
0.127478000
0.048049400
-0.000980600
-0.059816600
-0.034321000
-0.245150000
-0.321636800
-0.264762000
-0.237305200
0.020592600
0.007844800
0.023534400
-0.091195800
0.018631400
0.056874800
-0.070603200
0.017650800
-0.087273400
-0.107866000
-0.098060000
-0.124536200
-0.261820200
-0.404987800
-0.491280600
-0.382434000
-0.162779600
-0.195139400
-0.119633200
-0.053933000
-0.048049400
0.025495600
0.128458600
0.193178200
0.167682600
0.139245200
0.305947200
0.202984200
0.184352800
0.303005400
0.221615600
0.050010600
0.080409200
0.147090000
-0.127478000
0.027456800
-0.121594400
0.228479800
0.276529200
0.239266400
0.288296400
0.150031800
-0.099040600
0.156896000
0.178469200
0.042165800
0.039224000
0.004903000
0.005883600
-0.049030000
-0.008825400
-0.006864200
0.121594400
-0.085312200
-0.195139400
-0.292218800
-0.337326400
-0.324578600
-0.259859000
-0.096098800
-0.115710800
-0.046088200
-0.071583800
0.108846600
0.125516800
0.050010600
-0.067661400
0.053933000
-0.139245200
-0.141206400
-0.035301600
-0.189255800
-0.243188800
0.054913600
0.220635000
0.121594400
0.289277000
0.212790200
0.050991200
0.092176400
0.182391600
0.087273400
-0.018631400
-0.020592600
-0.005883600
0.074525600
-0.050991200
-0.166702000
-0.102963000
0.035301600
-0.048049400
0.115710800
0.052952400
-0.060797200
-0.263781400
-0.164740800
-0.114730200
-0.093157000
-0.192197600
-0.275548600
-0.146109400
-0.002941800
-0.115710800
-0.206906600
-0.241227600
-0.021573200
0.062758400
0.132381000
0.135322800
0.096098800
0.153954200
0.068642000
0.013728400
0.080409200
0.029418000
0.059816600
0.071583800
-0.072564400
0.068642000
0.125516800
0.032359800
-0.043146400
0.002941800
-0.153954200
-0.157876600
-0.276529200
-0.471668600
-0.190236400
-0.159837800
0.044127000
-0.018631400
-0.109827200
-0.003922400
0.047068800
0.062758400
0.108846600
-0.064719600
0.143167600
0.208867800
0.134342200
-0.061777800
-0.142187000
-0.037262800
-0.046088200
-0.072564400
-0.131400400
-0.099040600
-0.124536200
-0.176508000
-0.417735600
-0.342229400
-0.174546800
0.071583800
0.150031800
0.094137600
0.296141200
0.282412800
0.161799000
0.201023000
0.095118200
-0.118652600
-0.399104200
-0.360860800
-0.315753200
-0.224557400
-0.338307000
-0.101982400
-0.007844800
0.196120000
0.210829000
0.229460400
0.150031800
0.327520400
0.235344000
0.230441000
-0.076486800
-0.218673800
-0.270645600
-0.212790200
-0.331442800
-0.326539800
-0.205926000
-0.046088200
0.061777800
0.068642000
0.179449800
0.338307000
0.227499200
0.224557400
0.294180000
0.233382800
0.234363400
0.036282200
0.015689600
-0.015689600
-0.192197600
0.007844800
-0.013728400
-0.119633200
-0.093157000
-0.033340400
0.030398600
0.027456800
-0.024515000
0.046088200
-0.068642000
0.027456800
0.114730200
0.103943600
0.029418000
-0.044127000
0.001961200
-0.033340400
0.006864200
-0.001961200
0.036282200
-0.041185200
0.004903000
0.062758400
0.030398600
0.030398600
0.136303400
0.068642000
0.168663200
0.148070600
0.073545000
-0.001961200
-0.081389800
-0.151993000
-0.262800800
-0.171605000
-0.151993000
-0.135322800
-0.210829000
0.000000000
0.059816600
0.048049400
0.087273400
-0.036282200
0.026476200
0.113749600
0.144148200
0.066680800
0.038243400
0.001961200
-0.034321000
0.090215200
-0.092176400
-0.060797200
-0.058836000
0.055894200
0.109827200
-0.022553800
0.045107600
-0.031379200
0.032359800
-0.117672000
-0.042165800
-0.012747800
0.117672000
0.011767200
0.100021200
0.083351000
0.098060000
-0.008825400
0.138264600
0.086292800
0.106885400
0.113749600
-0.038243400
0.034321000
-0.030398600
-0.025495600
-0.117672000
-0.018631400
0.065700200
0.114730200
0.150031800
0.175527400
0.092176400
0.248091800
0.217693200
0.159837800
0.050010600
0.050010600
-0.139245200
-0.116691400
-0.113749600
-0.099040600
-0.049030000
-0.035301600
-0.134342200
-0.080409200
-0.192197600
-0.189255800
-0.060797200
-0.029418000
0.108846600
0.096098800
0.243188800
0.077467400
0.024515000
0.046088200
0.074525600
-0.052952400
0.013728400
0.043146400
-0.004903000
-0.001961200
-0.159837800
-0.028437400
-0.044127000
-0.006864200
-0.006864200
-0.026476200
0.063739000
0.033340400
-0.002941800
-0.073545000
-0.077467400
-0.026476200
-0.077467400
0.002941800
0.010786600
-0.007844800
0.060797200
0.070603200
0.116691400
0.174546800
0.054913600
0.034321000
-0.018631400
-0.070603200
-0.102963000
-0.075506200
-0.115710800
0.004903000
0.027456800
0.038243400
0.089234600
0.103943600
0.144148200
0.189255800
0.093157000
0.045107600
0.054913600
-0.020592600
-0.031379200
0.035301600
0.092176400
-0.098060000
-0.052952400
-0.089234600
-0.001961200
-0.016670200
-0.039224000
-0.042165800
-0.027456800
0.027456800
-0.058836000
-0.034321000
-0.045107600
0.074525600
-0.009806000
-0.012747800
0.024515000
0.090215200
0.121594400
0.057855400
0.028437400
-0.037262800
0.039224000
-0.013728400
-0.075506200
-0.054913600
-0.132381000
-0.238285800
-0.109827200
-0.180430400
-0.293199400
-0.217693200
-0.134342200
-0.100021200
-0.026476200
0.008825400
0.038243400
0.135322800
0.118652600
0.202984200
0.267703800
0.197100600
0.185333400
0.124536200
0.121594400
0.139245200
0.162779600
0.111788400
0.130419800
0.158857200
0.055894200
0.013728400
0.020592600
0.043146400
-0.060797200
-0.012747800
-0.037262800
-0.129439200
-0.011767200
-0.010786600
-0.130419800
-0.077467400
-0.092176400
-0.134342200
-0.186314000
-0.101982400
-0.003922400
-0.015689600
0.079428600
0.055894200
0.036282200
0.029418000
0.018631400
0.097079400
0.063739000
0.055894200
0.077467400
-0.032359800
-0.049030000
-0.101982400
-0.121594400
-0.141206400
-0.072564400
-0.139245200
-0.040204600
0.052952400
0.065700200
0.079428600
0.089234600
0.045107600
0.000000000
0.040204600
0.073545000
0.018631400
0.020592600
0.061777800
0.063739000
0.050991200
0.076486800
0.056874800
0.012747800
0.026476200
0.071583800
-0.018631400
0.016670200
0.010786600
0.027456800
0.034321000
0.055894200
0.057855400
0.036282200
0.008825400
0.009806000
0.000000000
-0.023534400
-0.067661400
-0.089234600
-0.072564400
-0.064719600
-0.045107600
-0.121594400
-0.073545000
0.026476200
-0.027456800
-0.007844800
0.021573200
0.041185200
0.035301600
-0.027456800
-0.018631400
0.097079400
0.125516800
0.090215200
0.004903000
0.011767200
-0.019612000
0.003922400
-0.019612000
0.003922400
-0.101982400
-0.067661400
-0.049030000
-0.075506200
0.009806000
-0.030398600
-0.007844800
0.014709000
-0.021573200
0.001961200
0.063739000
0.119633200
0.057855400
-0.019612000
0.065700200
0.069622600
0.113749600
0.109827200
0.081389800
0.104924200
0.091195800
0.061777800
0.027456800
0.087273400
0.033340400
0.011767200
-0.011767200
0.015689600
-0.001961200
-0.059816600
0.035301600
0.094137600
0.055894200
0.095118200
0.101001800
0.073545000
0.095118200
0.075506200
0.082370400
0.074525600
-0.034321000
-0.049030000
-0.036282200
-0.031379200
-0.056874800
-0.045107600
-0.103943600
-0.011767200
-0.013728400
0.023534400
0.015689600
-0.019612000
0.007844800
0.049030000
-0.038243400
-0.047068800
0.021573200
0.018631400
0.021573200
0.071583800
0.034321000
-0.027456800
0.013728400
0.039224000
0.001961200
-0.025495600
0.007844800
-0.018631400
-0.005883600
-0.113749600
-0.087273400
-0.137284000
-0.151012400
-0.146109400
-0.058836000
-0.056874800
-0.031379200
-0.035301600
0.017650800
0.000000000
-0.055894200
-0.016670200
0.048049400
0.013728400
0.054913600
0.024515000
0.036282200
0.014709000
0.077467400
0.109827200
0.054913600
0.066680800
0.032359800
-0.005883600
0.015689600
-0.021573200
-0.033340400
-0.010786600
0.029418000
-0.016670200
0.004903000
0.002941800
0.095118200
-0.003922400
-0.016670200
0.013728400
0.029418000
0.019612000
0.030398600
0.026476200
-0.030398600
-0.031379200
-0.030398600
0.050991200
-0.007844800
-0.035301600
-0.057855400
-0.063739000
-0.054913600
-0.035301600
-0.032359800
-0.034321000
-0.014709000
-0.013728400
-0.009806000
0.028437400
0.043146400
0.029418000
0.036282200
0.029418000
0.031379200
0.041185200
0.032359800
0.040204600
-0.022553800
-0.035301600
-0.017650800
-0.023534400
-0.007844800
-0.013728400
-0.022553800
-0.044127000
0.000000000
0.026476200
0.012747800
0.011767200
-0.003922400
-0.036282200
-0.036282200
-0.027456800
-0.013728400
0.022553800
0.034321000
0.020592600
0.023534400
0.045107600
0.036282200
0.032359800
0.046088200
0.024515000
0.024515000
0.007844800
0.016670200
0.039224000
0.040204600
0.016670200
-0.002941800
0.031379200
0.001961200
-0.027456800
-0.057855400
-0.054913600
-0.019612000
0.002941800
-0.006864200
-0.003922400
-0.024515000
-0.007844800
0.028437400
0.007844800
-0.008825400
0.006864200
-0.019612000
-0.011767200
0.000000000
0.004903000
0.009806000
0.021573200
0.015689600
0.028437400
0.034321000
0.050991200
0.045107600
0.031379200
0.035301600
0.011767200
0.021573200
0.017650800
0.005883600
0.028437400
0.009806000
-0.006864200
0.015689600
-0.002941800
0.006864200
-0.013728400
0.029418000
0.009806000
0.032359800
0.022553800
0.013728400
0.027456800
0.026476200
0.011767200
-0.007844800
-0.012747800
-0.030398600
-0.029418000
-0.025495600
-0.013728400
0.000000000
0.003922400
-0.023534400
-0.019612000
0.000980600
-0.002941800
-0.006864200
0.014709000
0.013728400
0.023534400
0.008825400
0.004903000
-0.005883600
-0.020592600
-0.013728400
-0.026476200
-0.018631400
0.001961200
-0.002941800
-0.003922400
0.000000000
-0.006864200
-0.002941800
-0.004903000
0.001961200
-0.001961200
0.001961200
0.005883600
0.008825400
0.003922400
0.008825400
0.007844800
-0.003922400
0.009806000
0.026476200
0.029418000
0.028437400
0.020592600
0.013728400
0.011767200
0.010786600
0.015689600
0.014709000
0.007844800
0.010786600
0.013728400
0.010786600
0.006864200
0.005883600
0.004903000
0.006864200
0.002941800
0.003922400
0.007844800
0.008825400
0.012747800
0.009806000
0.009806000
0.009806000
0.008825400
0.008825400
0.006864200
0.007844800
0.007844800
0.008825400
0.009806000
0.008825400
0.008825400
0.008825400
